1.169696973081851894e+02
1.089952821389511683e+01
1.820474820680183825e+01
1.166009114834062217e+02
1.950969923467882694e+01
1.164937702047808301e+02
1.166243860855301335e+02
1.877927778040204743e+01
1.422888867555858283e+01
1.088004771022710493e+01
1.166660941813830163e+02
1.643314988422051925e+01
1.189171862148643299e+02
1.136812227893833693e+02
1.140631806190724973e+02
1.164495420006763595e+02
1.608971727947148977e+01
1.638855650661218988e+01
1.169509003273641810e+02
1.167016734640994429e+02
1.618026779735886578e+01
1.800013254408366592e+01
1.187032437433410053e+02
1.825125129391802403e+01
1.135290274848490384e+02
1.375663649070285999e+01
1.609571762496275937e+01
1.174339085660524802e+02
1.884720219592259127e+01
1.086125072940609648e+01
1.828270372063072102e+01
1.781042115223523226e+01
1.165732140241607766e+02
1.169891778118531960e+02
1.807680211841765328e+01
2.017314621326638502e+01
2.237059436920510791e+01
1.164268956456814266e+02
1.740586080379322453e+01
1.133020920125122331e+02
1.135516703137299430e+02
1.658387801436414222e+01
1.166004780417143820e+02
1.769229762775007586e+01
1.176095755840787831e+02
1.768830254801795476e+01
1.164951598437031208e+02
1.823616897473547738e+01
1.123863869952640826e+01
1.176935928194097301e+02
1.164667796620382063e+02
1.185770554027394468e+02
1.987871392107486912e+01
1.166055508330275927e+02
1.963008446827420173e+01
1.181413152028968341e+02
1.165125671856018386e+02
1.130994900681658777e+02
1.146289654594092298e+02
2.433471740806952610e+01
1.167918049831698823e+02
1.173508763288040910e+02
1.169696973081851894e+02
1.644410979522510985e+01
1.591467013943861275e+01
1.952050383195258831e+01
1.167225204782931911e+02
1.165630333519697075e+02
1.155177728744702250e+02
1.164937702047808301e+02
3.069660523162983523e+01
1.165011798503351770e+02
1.186468174464308305e+02
2.844573561212318680e+01
1.710192165729609926e+01
1.169152179133740503e+02
1.097824413618241834e+01
1.714633338296553688e+01
1.140631806190724973e+02
1.169891778118531960e+02
1.118224737678878888e+01
1.948982742089893350e+01
1.167030399746251845e+02
1.858422118038959070e+01
1.171669464048981126e+02
1.187244236376399300e+02
1.180125279269776968e+02
1.654031564693755385e+01
1.195030252149615961e+02
1.672757555220761105e+01
1.962959458236405652e+01
1.826093306960657969e+01
1.168437290182819197e+02
1.750714589511805030e+01
1.169327515149430212e+02
1.644487295486116452e+01
1.122881069815020183e+01
1.656063200630271126e+01
1.660787601252239298e+01
1.521366826664665339e+01
1.166842429938041761e+02
1.192212694367383250e+02
1.715990857770117017e+01
1.673374727303975718e+01
1.172760371553095808e+02
1.887407249674821941e+01
1.755154079715757121e+01
1.186742815772226010e+02
1.754340450160954745e+01
1.172715150583816950e+02
1.586557122841145429e+01
1.618282552251292117e+01
1.172081127397890441e+02
1.164846168911018509e+02
1.442380008020433024e+01
1.965976011195836293e+01
1.194250082130837285e+02
1.189270142162405364e+02
1.168437290182819197e+02
1.126922490323628523e+01
1.656063200630271126e+01
1.586773005059530028e+01
1.442753012854308992e+01
1.137760289788725601e+02
1.113735279454626337e+01
1.168054515337929047e+02
1.164974766519829359e+02
1.729296150670106158e+01
1.171474659012301061e+02
1.263570340873658893e+01
1.146484459630772363e+02
1.184648435203712609e+02
1.801385180663958252e+01
1.792414655733471918e+01
1.727017773415688850e+01
1.171669464048981126e+02
1.155961672333278578e+01
1.852815815281977052e+01
1.927881591988958121e+01
1.803247183031983880e+01
2.001654095567594638e+01
1.165949846751849179e+02
1.172081127397890441e+02
2.523056091173785020e+01
1.163678628884071031e+02
1.181298931778552515e+02
2.033512523834871288e+01
1.164937702047808301e+02
1.084134725178821057e+01
2.193171006288144298e+01
1.166611248802733201e+02
1.671776323346757920e+01
1.186153328872284618e+02
1.165092598521600564e+02
1.173327275163829313e+02
1.163818979133206852e+02
1.134293202095991120e+02
3.807215175642752314e+01
1.191815537602232808e+02
1.164580877907906995e+02
1.174982445637045743e+02
2.387880713362248741e+01
1.542212834922955622e+01
1.171669464048981126e+02
1.766018766744630142e+01
1.136169383409615818e+02
1.131970826999669839e+02
1.185770554027394468e+02
1.929659154265662124e+01
1.406324291829946560e+01
1.168417019336402660e+02
1.141426244384524438e+02
1.665320728131218075e+01
4.017140762894509010e+01
1.168639310180774658e+02
1.186153328872284618e+02
2.024515070100031622e+01
1.148908696912656495e+02
1.352066600863973633e+01
1.164363773081318243e+02
1.466174120307091400e+01
1.909156566439427394e+01
1.716218916007250428e+01
1.547655438399769778e+01
1.164664291354611692e+02
1.348849520506331601e+01
1.723601138896871987e+01
1.165522496890653912e+02
1.164756213923596704e+02
1.412563075645385524e+01
1.167873027213717450e+02
1.263063848782020671e+01
1.185413729887493162e+02
1.179993275230489331e+02
1.665482624755251351e+01
1.596542630814264996e+01
1.790877494157950878e+01
1.180324604058764209e+02
1.761475239848877195e+01
1.765418645091545713e+01
1.997577809086639178e+01
1.298833052181250736e+01
1.165538800382907283e+02
1.408490637819401314e+01
1.135095469811810318e+02
1.969803759644737795e+01
1.366769306875260881e+01
1.602994579781493201e+01
1.185589065903182870e+02
1.173403768945310617e+02
1.638391221546775256e+01
1.189270142162405364e+02
1.797690601339742145e+01
1.686505728420234362e+01
1.137996502526316256e+01
1.164507916426656493e+02
1.400366639269552138e+01
1.134985817377493618e+02
1.788402585617518170e+01
1.166507334433711378e+02
1.146209890160159688e+02
1.186468174464308305e+02
1.171379842387797083e+02
1.643548906361887418e+01
1.776774636739790125e+01
1.169891778118531960e+02
1.359269313253514966e+01
1.141045839927756873e+02
1.164937702047808301e+02
2.074901062336172330e+01
1.192808178065666027e+02
1.417022502436839915e+01
1.188197910932018857e+02
1.547215350396001554e+01
1.169348378025748900e+02
2.669538377382916951e+04
1.167982753488015675e+02
1.625076719542233405e+01
1.598000510414157382e+01
1.164350339326664709e+02
1.185061265461242783e+02
1.114939909900950354e+01
1.492452516362858361e+01
2.678409698679091161e+04
1.611488266792208890e+01
1.893950621488737340e+01
1.130233001906958634e+02
1.142341673585457045e+02
1.169066660041969925e+02
3.513492290974374299e+01
1.164528711617301155e+02
1.185958523835604552e+02
1.829998964386760107e+01
1.168848953531728512e+02
1.191677259142632437e+02
1.089582664659934075e+01
1.859721616114336484e+01
2.368252198937116049e+01
1.176315775414815192e+02
1.837193442231417606e+01
1.135290274848490384e+02
1.096025052727379645e+01
1.165522496890653912e+02
1.805177752548357972e+01
1.814877528208807433e+01
1.165732140241607766e+02
1.164350339326664709e+02
1.164435361070963353e+02
1.677463749018100359e+01
1.089952821389511683e+01
1.186468174464308305e+02
1.873182806037386428e+01
1.875892289027191140e+01
1.722232157238671846e+01
1.181186908058741807e+02
1.166004780417143820e+02
1.186153328872284618e+02
1.185196625060904410e+02
1.818802100534391286e+01
2.226159963783258178e+01
1.866339770792933450e+01
1.165125671856018386e+02
1.166199585453823886e+02
2.379059081572186685e+01
1.862963086565315862e+01
2.365556482353668599e+01
1.172760371553095808e+02
1.833209311534107400e+01
1.165222196878936387e+02
2.019954856376592289e+01
1.085156874398778903e+01
2.059789307775475109e+01
1.587415363763379972e+01
2.024872709983695174e+01
1.171474659012301061e+02
1.191938053059465545e+02
1.186649662588519902e+02
1.623799697420078658e+01
1.607967040250476387e+01
1.627952352761238686e+01
1.656141347187104174e+01
1.085514696199603613e+01
1.488100565175437140e+01
3.821961479866441636e+01
1.149735519502524568e+02
1.133964113104688494e+02
1.084134725178821057e+01
1.991896574333570769e+01
1.659012084065476955e+01
2.813199988795738804e+01
1.186564992221193933e+02
2.782031855894531347e+01
1.164175803273108158e+02
1.620309899095390449e+01
1.749126462199375709e+01
1.140915182780952222e+02
1.598152272485710945e+01
1.176095755840787831e+02
1.685623453922262271e+01
3.510061611120908509e+01
1.164846168911018509e+02
1.109767029108270009e+01
1.696157081940947720e+01
1.871534569915794322e+01
1.753338912967154073e+01
1.165187947977149037e+02
1.141014581035615123e+02
2.164113430450331066e+01
1.659214458386987090e+01
1.151862248331523553e+01
1.185958523835604552e+02
1.109767029108270009e+01
1.165222196878936387e+02
1.142040200364723148e+02
1.656438570259807008e+01
1.140172705462851326e+02
1.169793498104769895e+02
1.187675281917627927e+02
1.137754407866294741e+02
1.683119642399469740e+01
1.916082969500161681e+01
1.546547122313869238e+01
1.883905130507362458e+01
1.164319946618446409e+02
1.139101546391826929e+02
1.619036065771310717e+01
1.185641066541887199e+02
1.164756213923596704e+02
1.637833557968295040e+01
1.194160127143415480e+02
1.164685204743873896e+02
1.187029564201665153e+02
1.169696973081851894e+02
1.166988934844824399e+01
1.168242485146139131e+02
1.164580877907906995e+02
1.146790321667871098e+02
1.186055048858522554e+02
1.141639262004773059e+02
1.140135472474489688e+02
1.169327515149430212e+02
1.169381301061426370e+02
1.911560041608367300e+01
1.665482624755251351e+01
1.166199585453823886e+02
1.167873027213717450e+02
1.617272175505835108e+01
1.194724390112517227e+02
1.806840947382724849e+01
1.964161129953720319e+01
1.446592012520670423e+01
1.446231589382301408e+01
1.876060729327870291e+01
1.125237587779811577e+01
1.908011625005093848e+01
1.165461802284375068e+02
1.167784609910502809e+02
1.165522496890653912e+02
1.640359931212867295e+01
1.135919644707641112e+02
1.629756533621937820e+01
1.165570734664469796e+02
1.187675281917627927e+02
1.843317129452874781e+01
1.357709230554991109e+01
2.030796244187816058e+01
1.171286689204090976e+02
1.873193234752929470e+01
1.847713776808539876e+01
1.813078830832269972e+01
1.167790491832933668e+02
1.169952471311832198e+02
1.925566352262033476e+01
1.169327515149430212e+02
1.131176388805870374e+02
1.403264990203144080e+01
1.714287775300677552e+01
1.165853905762216556e+02
3.814058210887206002e+01
1.169152179133740503e+02
1.680182603291487098e+01
1.510564716551316522e+01
1.164065903138541671e+02
1.747838496888490667e+01
1.169696973081851894e+02
1.136169383409615818e+02
1.193131685887718021e+02
1.141226379978604371e+02
1.823533441051171877e+01
1.166795107315067384e+02
1.135974578372935753e+02
1.169991861425372406e+02
2.984912436209278752e+01
1.164937702047808301e+02
1.647365868231910468e+01
2.208383104478766512e+01
1.174339085660524802e+02
1.649791687032420029e+01
1.185770554027394468e+02
1.886039931445334616e+01
1.189075337125725298e+02
1.870456404282025886e+01
1.192808178065666027e+02
1.192119541183677143e+02
1.801845146566020617e+01
1.685964590710751310e+01
1.613111060993804813e+01
1.757662418589708508e+01
1.148232225733042355e+02
1.909707485853446229e+01
1.189899512021556092e+02
1.154989758936492166e+02
1.194300201931772847e+02
2.668167790756974500e+04
1.606276729813699689e+01
1.601155272602886726e+01
1.170913004847821668e+02
1.165732140241607766e+02
1.186153328872284618e+02
4.013595645071812612e+01
1.186649662588519902e+02
2.231076380374653567e+01
1.681505261185747813e+01
1.166320799333387441e+02
1.188887367317515213e+02
1.623055375925470400e+01
1.139553404300377792e+02
1.863334212663856704e+01
1.164363773081318243e+02
1.839318003917297872e+01
1.186355348870240078e+02
1.164507916426656493e+02
3.872725247185133668e+01
1.761475239848877195e+01
1.172939225202902236e+02
1.706382779569222308e+01
1.187029936621858468e+02
1.315938102344870941e+01
1.823623276600420695e+01
1.173891538132931061e+02
1.889494997608918680e+01
1.365926165554844474e+01
1.166828955312974614e+02
1.174982445637045743e+02
1.166572524510615523e+02
1.145797681204437879e+02
1.185863707211100575e+02
1.661130376651404461e+01
2.000170229981325683e+05
1.349118255716140524e+01
1.165599773260658054e+02
1.167697691198027741e+02
1.117688916541514033e+01
1.164363773081318243e+02
2.668538683428783406e+04
2.678399055242878967e+04
2.668362575527192894e+04
1.194341615267627077e+02
1.143967174715531741e+02
2.150460994146985882e+01
1.929996713896220939e+01
1.165909963792639843e+02
1.881188918733186455e+01
1.150113444487826229e+02
1.165816810608933736e+02
1.685747380463492462e+01
1.165459986469032430e+02
1.760974230281718533e+01
1.165816810608933736e+02
1.400833647869152543e+01
1.176095755840787831e+02
1.185770554027394468e+02
1.811210236168309251e+01
1.769023504867618257e+01
1.868359970772488055e+01
1.812855832933182398e+01
1.137932780156931187e+02
1.644361319560902857e+01
1.618551996891160272e+01
